277
115 1 $
115 9 $
115 13 $
115 19 $
115 22 $
115 27 $
115 33 $
115 35 $
115 37 $
115 39 $
115 41 $
115 43 $
115 49 $
115 77 $
115 87 $
115 101 $
115 107 $
115 113 $
1 2 b
9 10 i
13 14 f
19 20 i
22 23 e
27 28 w
33 34 ;
35 36 ,
37 38 (
39 40 )
41 42 {
43 44 }
49 47 $
49 45 $
77 63 $
77 61 $
87 83 $
87 79 $
87 89 $
87 91 $
87 95 $
87 97 $
101 102 =
107 105 $
107 103 $
113 111 $
113 109 $
2 3 o
10 11 n
14 15 l
20 21 f
23 24 l
28 29 h
47 48 A
47 48 B
47 48 C
47 48 D
47 48 E
47 48 F
47 48 G
47 48 H
47 48 I
47 48 J
47 48 K
47 48 L
47 48 M
47 48 N
47 48 O
47 48 P
47 48 Q
47 48 R
47 48 S
47 48 T
47 48 U
47 48 V
47 48 W
47 48 X
47 48 Y
47 48 Z
45 46 a
45 46 b
45 46 c
45 46 d
45 46 e
45 46 f
45 46 g
45 46 h
45 46 i
45 46 j
45 46 k
45 46 l
45 46 m
45 46 n
45 46 o
45 46 p
45 46 q
45 46 r
45 46 s
45 46 t
45 46 u
45 46 v
45 46 w
45 46 x
45 46 y
45 46 z
63 64 0
63 64 1
63 64 2
63 64 3
63 64 4
63 64 5
63 64 6
63 64 7
63 64 8
63 64 9
61 62 0
61 62 1
61 62 2
61 62 3
61 62 4
61 62 5
61 62 6
61 62 7
61 62 8
61 62 9
83 84 !
79 80 =
89 90 >
91 92 >
95 96 <
97 98 <
105 106 -
103 104 +
111 112 /
109 110 *
3 4 o
11 12 t
15 16 o
24 25 s
29 30 i
48 50 $
46 50 $
64 63 $
64 65 $
62 61 $
62 78 $
84 85 $
80 81 $
90 88 $
92 93 $
96 88 $
98 99 $
106 108 $
104 108 $
112 114 $
110 114 $
4 5 l
16 17 a
25 26 e
30 31 l
50 59 $
65 66 .
85 86 =
81 82 =
93 94 =
99 100 =
5 6 e
17 18 t
31 32 e
59 55 $
59 60 $
66 67 $
86 88 $
82 88 $
94 88 $
100 88 $
6 7 a
55 53 $
55 51 $
55 57 $
67 68 0
67 68 1
67 68 2
67 68 3
67 68 4
67 68 5
67 68 6
67 68 7
67 68 8
67 68 9
7 8 n
53 54 A
53 54 B
53 54 C
53 54 D
53 54 E
53 54 F
53 54 G
53 54 H
53 54 I
53 54 J
53 54 K
53 54 L
53 54 M
53 54 N
53 54 O
53 54 P
53 54 Q
53 54 R
53 54 S
53 54 T
53 54 U
53 54 V
53 54 W
53 54 X
53 54 Y
53 54 Z
51 52 a
51 52 b
51 52 c
51 52 d
51 52 e
51 52 f
51 52 g
51 52 h
51 52 i
51 52 j
51 52 k
51 52 l
51 52 m
51 52 n
51 52 o
51 52 p
51 52 q
51 52 r
51 52 s
51 52 t
51 52 u
51 52 v
51 52 w
51 52 x
51 52 y
51 52 z
57 58 0
57 58 1
57 58 2
57 58 3
57 58 4
57 58 5
57 58 6
57 58 7
57 58 8
57 58 9
68 67 $
68 75 $
54 56 $
52 56 $
58 56 $
75 71 $
75 69 $
56 55 $
56 60 $
71 72 E
69 70 $
72 73 $
70 76 $
73 74 0
73 74 1
73 74 2
73 74 3
73 74 4
73 74 5
73 74 6
73 74 7
73 74 8
73 74 9
76 78 $
74 73 $
74 76 $